degree distribution:
3
1 2
1 3
1 4
3
2 1
2 3
2 4
3
3 1
3 2
3 4
3
4 1
4 2
4 3
|V| = 4, 2|E| = 12

degree distribution:
3
1 2
1 3
1 4
3
2 1
2 3
2 8
3
3 1
3 2
3 10
3
4 1
4 5
4 6
3
5 4
5 6
5 7
3
6 4
6 5
6 10
3
7 5
7 8
7 9
3
8 2
8 7
8 9
3
9 7
9 8
9 10
3
10 3
10 6
10 9
|V| = 10, 2|E| = 30

degree distribution:
3
1 2
1 3
1 4
3
2 1
2 3
2 8
3
3 1
3 2
3 12
3
4 1
4 5
4 6
3
5 4
5 6
5 7
3
6 4
6 5
6 24
3
7 5
7 8
7 9
3
8 2
8 7
8 9
3
9 7
9 8
9 28
3
10 11
10 12
10 13
3
11 10
11 12
11 17
3
12 3
12 10
12 11
3
13 10
13 14
13 15
3
14 13
14 15
14 16
3
15 13
15 14
15 21
3
16 14
16 17
16 18
3
17 11
17 16
17 18
3
18 16
18 17
18 28
3
19 20
19 21
19 22
3
20 19
20 21
20 26
3
21 15
21 19
21 20
3
22 19
22 23
22 24
3
23 22
23 24
23 25
3
24 6
24 22
24 23
3
25 23
25 26
25 27
3
26 20
26 25
26 27
3
27 25
27 26
27 28
3
28 9
28 18
28 27
|V| = 28, 2|E| = 84

